010222222222222222222222222222222222222222222222222222222222200022
110000000100001110222222222222222222222222222222222222222222211022
000000100100000001002222222222222222222222222222222222222222211022
000010000101101011100000022222222222222222222222222222222222211002
000010000101011101111000222222222222222222222222222222222222201000
000001111000010000001002222222222222222222222222222222222222000022
001110011000011000010122222012222022222222222222222222222220000222
000000011100000100010100010011000022222222222222222222201000010222
000000000000000000110100100000022222222222222222222221101000002222
000000110000000000000000100100022222022222222222222200100000022222
000000010000000000101000110011222220112222222222222201000000022222
000000000000010001101000100011222200102222222222222211000101122222
001110000000000010000000000110122200022222222222222111001000022222
000110010000011000001000000001022200020222222221110000000001102222
100110001010000000000000100000222200000022222221100000011001022222
100110001001010000001010100001222201010022222220001000001002222222
000110000100010100000010000010222200000122222200000000001222222222
011100000100100000001001100011122201000222220000000010011222222222
001100000010000110000100100000122200000222201010000011001222222222
000000000000000001001011000111001000100000011100010000000222222222
001100000001001000000000011000000101000001110110001000101222222222
110000100111000000000101000000000000100001111001012122222222222222
000000010010010000000000000000101111110010011000002222222222222222
100000000010100001000100010011100010001010000000110002202222222222
000001100000010000001000001000000001000100100000000022212222222222
000000000101010001011001100000001110110000100000000002222222222222
000010100110010101001011111010110000100001001000010000222222222222
000100000000000010000000010111010100111010001000001012222222222222
110010000000100000000101000001000000100000010001000001022222222222
110010100000011100010100100100000001100000000100000000022222222222
000000000000011010101000000001001000000000000000100001222222222222
000001000101000000001000100000000101010000100001111101222222222222
000000011000000000000000111000000001000000000110111111122222222222
000000010000000000000010100110000001011110111011010001222222222222
000001100000100000000010111100100001000011000100000002222222222222
011110100000000010101001100010000001101101000000010022222222222222
000010010000001010110111011000101011110000100000000222222222222222
000100001000000000000001110100001111100101010000002222222222222222
000000100000000000001010101001000111001101000001002222222222222222
011001100000001001110000001001001011010110110000122222222222222222
011000100100010001001000000000001010011101000002222222222222222222
000110010111110000000000010100001001100110101002222222222222222222
001000100000000111010001000000000110101101100112222222222222222222
000001000000101000000000100000000111000110000122222222222222222222
000011100000110000110000100010010111111001010122222222222222222222
000001110000000011101000100000001011001000010022222222222222222222
000000000000000000001000000000012220100010000002222222222222222222
000000000001010010001011001022222222222022200002222222222222222222
222200000011001011011000000222222222222222221000222222222222222222
222221001011000001222222222102222222222222222000222222222222222222
222222100000000012222222222222222222222222222000022222222222222222
222222110001012222222222222222222222222222222000022222222222222222
222222211000022222222222222222222222222222222200002222222222222222
222222221110222222222222222222222222222222222201002222222222222222
222222221110222222222222222222222222222222222220000222222222222222
222222222012222222222222222222222222222222222222110222222222222222
222222222100222222222222222222222222222222222222000222222222222222
222222222200222222222222222222222222222222222222200222222222222222
